50.48 26.222904322578596 148.70502527505204 12.171968609284585 
48.79168704156479 26.285225601636974 152.27008712487898 11.694420550197705 
49.42668344870988 26.23705540909308 154.21236041586445 14.217978000864177 
51.370876531573984 27.025061850710138 155.46536585365854 14.300060395158319 
54.69458483754513 27.452575574872135 160.65495668912416 12.836740535569279 
55.9803605924018 26.964870674299412 161.3232666950234 14.673416521323324 
60.348314606741575 36.12294895187372 240.308038585209 19.200741034696275 
60.20125786163522 39.49680026435289 240.4269592476489 19.410565599642524 
63.8074398249453 39.248271497559735 239.08958837772397 20.511095752862875 
63.56774193548387 38.62675311479684 238.86897488119484 20.80419353243501 
91.14119601328903 40.16676198058251 240.33338607594936 19.02737266903627 
95.47479175800088 40.729918495409954 239.41491237166858 18.863682807105192 
96.23529411764706 41.04370979464415 240.14748165275964 18.40117008950937 
100.96203966005666 39.70315103454739 241.75842362185975 16.564984729154528 
101.93378684807256 40.70872327850511 241.3125125125125 16.967661451382224 
102.83817280453258 40.421491444515425 240.14985260399607 17.520204446577562 
